[gd_scene load_steps=4 format=3 uid="uid://b3q1hg0slxetl"]

[ext_resource type="Script" path="res://src/bosses/chips/minions/chip_sweep_projectile.gd" id="1_pwjse"]
[ext_resource type="ArrayMesh" uid="uid://cvpi3dfo08nxd" path="res://src/bosses/chips/assets/meshes/ChipProjMesh.tres" id="2_hacth"]

[sub_resource type="CylinderShape3D" id="CylinderShape3D_clasv"]
height = 0.2
radius = 1.0

[node name="ChipSweepProjectileEnhanced" type="Area3D"]
collision_layer = 8
collision_mask = 10
script = ExtResource("1_pwjse")
anim_time = 0.03

[node name="ColliderBase" type="CollisionShape3D" parent="."]
transform = Transform3D(1, 0, 0, 0, 0.994522, -0.104528, 0, 0.104528, 0.994522, 0, 0.2, 0)
shape = SubResource("CylinderShape3D_clasv")
disabled = true

[node name="MeshBase" type="MeshInstance3D" parent="ColliderBase"]
transform = Transform3D(0.5, 0, 0, 0, 0.214967, 0.00872591, 0, -0.00375217, 0.499924, 0, 0, 0)
mesh = ExtResource("2_hacth")
skeleton = NodePath("../..")

[node name="ColliderBase2" type="CollisionShape3D" parent="."]
transform = Transform3D(1, 0, 0, 0, 0.978148, -0.207911, 0, 0.207911, 0.978148, 2.5, 0.2, 0)
shape = SubResource("CylinderShape3D_clasv")
disabled = true

[node name="MeshBase" type="MeshInstance3D" parent="ColliderBase2"]
transform = Transform3D(0.5, 0, 0, 0, 0.213398, 0.0609341, 0, -0.0262017, 0.496273, 0, 0, 0)
mesh = ExtResource("2_hacth")
skeleton = NodePath("../..")

[node name="ColliderBase3" type="CollisionShape3D" parent="."]
transform = Transform3D(1, 0, 0, 0, 0.978148, -0.207911, 0, 0.207911, 0.978148, -2.5, 0.2, 0)
shape = SubResource("CylinderShape3D_clasv")
disabled = true

[node name="MeshBase" type="MeshInstance3D" parent="ColliderBase3"]
transform = Transform3D(0.5, 0, 0, 0, 0.213398, 0.0609341, 0, -0.0262017, 0.496273, 0, 0, 0)
mesh = ExtResource("2_hacth")
skeleton = NodePath("../..")

[connection signal="body_entered" from="." to="." method="_on_body_entered"]
